CA_prev CA_flwing Distance
1     	  2        3.80
2     	  3        3.80
3     	  4        3.83
4     	  5        3.82
5     	  6        3.81
6     	  7        3.83
7     	  8        3.82
8     	  9        3.82
9     	  10       3.83
10    	  11       3.80
11    	  12       3.82
12    	  13       3.81
13    	  14       3.81
14    	  15       3.81
15    	  16       3.81
16    	  17       3.80
17    	  18       3.80
18    	  19       3.80
19    	  20       3.81
20    	  21       3.80
21    	  22       3.81
22    	  23       3.80
23    	  24       3.80
24    	  25       3.82
25    	  26       3.82
26    	  27      17.75
27    	  28       3.82
28    	  29       3.82
29    	  30       3.84
30    	  31       3.84
31    	  32      20.83
32    	  33       3.85
33    	  34       3.82
34    	  35       3.80
35    	  36       3.81
36    	  37       3.78
37    	  38       3.77
38    	  39       3.77
39    	  40       3.80
40    	  41       3.83
41    	  42       3.82
42    	  43       3.83
43    	  44       3.82
44    	  45       3.81
45    	  46       3.82
46    	  47       3.81
47    	  48       2.87
48    	  49       3.83
49    	  50       3.80
50    	  51       3.81
51    	  52       3.79
52    	  53       3.79
53    	  54       3.81
54    	  55       3.82
55    	  56       3.82
56    	  57       3.83
57    	  58       3.81
58    	  59       3.82
59    	  60       3.81
60    	  61       3.82
61    	  62       3.84
62    	  63       3.81
63    	  64       3.84
64    	  65       3.82
65    	  66       3.82
66    	  67       3.83
67    	  68       3.81
68    	  69       3.84
69    	  70       3.82
70    	  71       3.80
71    	  72       3.81
72    	  73       3.78
73    	  74       3.83
74    	  75       3.82
75    	  76       3.79
76    	  77       3.79
77    	  78       3.80
78    	  79       3.78
79    	  80       3.81
80    	  81       3.82
81    	  82       3.81
82    	  83       3.82
83    	  84       3.83
84    	  85       3.84
85    	  86       3.82
86    	  87       3.82
87    	  88       3.83
88    	  89       3.83
	Mean		   4.16
